0 69.0 3.529742442461304E-4
1 43.0 4.5307778740470196E-4
2 14.0 3.529742442461304E-4
3 428.0 3.529742442461304E-4
4 65.0 3.529742442461304E-4
5 35.0 5.031295589839881E-4
6 52.0 0.001135549712523591
7 35.0 3.529742442461304E-4
8 13.0 3.529742442461304E-4
9 167.0 3.529742442461304E-4
10 212.0 3.529742442461304E-4
11 12.0 3.529742442461304E-4
12 28.0 3.529742442461304E-4
13 29.0 5.720003955066049E-4
14 53.0 3.529742442461304E-4
15 64.0 3.529742442461304E-4
16 5.0 3.529742442461304E-4
17 113.0 3.529742442461304E-4
18 68.0 0.0016928373109160804
19 130.0 3.529742442461304E-4
20 84.0 9.047491908146718E-4
21 99.0 3.529742442461304E-4
22 24.0 3.529742442461304E-4
23 16.0 3.529742442461304E-4
24 23.0 0.0014821622095656857
25 25.0 0.004021461802860598
26 41.0 0.002056869189798021
27 31.0 0.006087325811367479
28 45.0 0.0031860571551175524
29 34.0 3.529742442461304E-4
30 12.0 3.529742442461304E-4
31 10.0 3.529742442461304E-4
32 15.0 0.0022365998626808978
33 9.0 3.529742442461304E-4
34 78.0 3.529742442461304E-4
35 89.0 0.0017552428535164309
36 46.0 3.529742442461304E-4
37 12.0 3.529742442461304E-4
38 21.0 0.0012104473741728623
39 35.0 3.529742442461304E-4
40 46.0 3.529742442461304E-4
41 128.0 3.529742442461304E-4
42 122.0 3.529742442461304E-4
43 151.0 3.529742442461304E-4
44 43.0 3.529742442461304E-4
45 14.0 3.529742442461304E-4
46 144.0 3.529742442461304E-4
47 20.0 3.529742442461304E-4
48 20.0 3.529742442461304E-4
49 86.0 7.16646423756507E-4
50 56.0 4.1303637014127286E-4
51 9.0 3.529742442461304E-4
52 95.0 3.529742442461304E-4
53 60.0 3.529742442461304E-4
54 118.0 0.001583136728883759
55 108.0 0.001030459400450416
56 7.0 3.529742442461304E-4
57 20.0 3.529742442461304E-4
58 112.0 0.0017675748292894236
59 147.0 0.005642210599923719
60 22.0 0.0010130425002895333
61 20.0 3.529742442461304E-4
62 262.0 0.0018043167239513082
63 147.0 3.529742442461304E-4
64 56.0 6.532848737218457E-4
65 10.0 3.529742442461304E-4
66 17.0 3.529742442461304E-4
67 99.0 6.532848737218454E-4
68 492.0 3.529742442461304E-4
69 469.0 0.007247724427750839
70 46.0 0.0012366126666154527
71 278.0 3.529742442461304E-4
72 227.0 5.673802236303097E-4
73 91.0 4.5307778740470196E-4
74 151.0 3.529742442461304E-4
75 58.0 4.280519016150589E-4
76 9.0 3.529742442461304E-4
77 134.0 0.005780437059676109
78 212.0 0.002386172907418155
79 266.0 3.529742442461304E-4
80 40.0 3.529742442461304E-4
81 338.0 3.529742442461304E-4
82 111.0 7.341488942540744E-4
83 303.0 3.529742442461304E-4
84 77.0 7.810749113251537E-4
85 16.0 3.529742442461304E-4
86 50.0 7.924367031785731E-4
87 33.0 0.0010304594004504274
88 98.0 0.002113950121976129
89 136.0 5.031295589839886E-4
90 329.0 0.002753305905912294
91 79.0 3.529742442461304E-4
92 283.0 3.529742442461304E-4
93 112.0 3.529742442461304E-4
94 4.0 3.529742442461304E-4
95 65.0 0.0030679487716546525
96 10.0 3.529742442461304E-4
97 70.0 0.0016384108022037078
98 276.0 0.0027808312130873283
99 52.0 4.530777874047016E-4
100 6.0 3.529742442461304E-4
101 10.0 3.529742442461304E-4
102 99.0 4.030260158254162E-4
103 72.0 4.130363701412732E-4
104 94.0 4.387010714153348E-4
105 329.0 3.529742442461304E-4
106 47.0 3.529742442461304E-4
107 16.0 3.529742442461304E-4
108 13.0 3.529742442461304E-4
109 21.0 3.529742442461304E-4
110 287.0 3.529742442461304E-4
111 87.0 3.529742442461304E-4
112 21.0 6.532848737218504E-4
113 22.0 0.0012719235323956403
114 157.0 0.005834242251598552
115 245.0 0.005148226425859627
116 192.0 5.804396483783178E-4
117 26.0 9.312302260630218E-4
118 28.0 5.031295589839886E-4
119 384.0 0.004435648563587986
120 33.0 3.529742442461304E-4
121 61.0 3.529742442461304E-4
122 33.0 3.529742442461304E-4
123 221.0 0.0010256193487528937
124 203.0 3.9587576274266093E-4
125 370.0 3.529742442461304E-4
126 16.0 3.529742442461304E-4
127 263.0 3.529742442461304E-4
128 44.0 3.529742442461304E-4
129 12.0 3.529742442461304E-4
130 11.0 3.529742442461304E-4
131 14.0 3.529742442461304E-4
132 6.0 3.529742442461304E-4
133 60.0 0.00818447070035062
134 136.0 5.031295589839886E-4
135 94.0 7.062248710540493E-4
136 426.0 0.006969112208962313
137 170.0 6.309195965872974E-4
138 45.0 3.529742442461304E-4
139 48.0 0.004578063273450924
140 14.0 0.0013326190429413158
141 7.0 3.529742442461304E-4
142 35.0 3.529742442461304E-4
143 41.0 0.0010859833393230287
144 27.0 3.9587576274266093E-4
145 17.0 3.529742442461304E-4
146 29.0 3.529742442461304E-4
147 55.0 8.039059187375943E-4
148 125.0 4.030260158254161E-4
149 30.0 3.529742442461304E-4
150 8.0 3.529742442461304E-4
151 105.0 0.003513382206142345
152 3.0 0.0011523556580340674
153 195.0 4.530777874047019E-4
154 155.0 7.017205019679169E-4
155 13.0 3.529742442461304E-4
156 50.0 3.529742442461304E-4
157 3.0 3.529742442461304E-4
158 34.0 3.529742442461304E-4
159 49.0 3.529742442461304E-4
160 46.0 3.529742442461304E-4
161 53.0 4.530777874047019E-4
162 12.0 3.529742442461304E-4
163 5.0 3.529742442461304E-4
164 65.0 4.172249088924497E-4
165 5.0 3.529742442461304E-4
166 184.0 3.529742442461304E-4
167 117.0 3.529742442461304E-4
168 89.0 0.0040631982251566725
169 211.0 4.4794521431578874E-4
170 157.0 3.529742442461304E-4
171 7.0 3.529742442461304E-4
172 18.0 3.529742442461304E-4
173 17.0 3.529742442461304E-4
174 51.0 3.529742442461304E-4
175 112.0 3.529742442461304E-4
176 75.0 4.28051901615059E-4
177 47.0 7.132362887230218E-4
178 31.0 3.529742442461304E-4
179 176.0 0.0010285239273720042
180 82.0 0.0013659343287527681
181 33.0 3.529742442461304E-4
182 335.0 9.687578107468596E-4
183 186.0 3.529742442461304E-4
184 81.0 3.529742442461304E-4
185 77.0 3.529742442461304E-4
186 36.0 3.529742442461304E-4
187 24.0 9.349248509368262E-4
188 73.0 5.031295589839884E-4
189 96.0 3.529742442461304E-4
190 270.0 0.0024167156976988985
191 12.0 3.529742442461304E-4
192 3.0 3.529742442461304E-4
193 140.0 0.0026337316832860157
194 92.0 3.529742442461304E-4
195 266.0 3.529742442461304E-4
196 33.0 3.529742442461304E-4
197 68.0 6.532848737218482E-4
198 16.0 3.529742442461304E-4
199 287.0 0.002753305905912294
200 10.0 3.529742442461304E-4
201 515.0 0.010205857344038567
202 63.0 0.0015927448711198276
203 36.0 3.529742442461304E-4
204 57.0 3.529742442461304E-4
205 23.0 3.529742442461304E-4
206 15.0 3.529742442461304E-4
207 258.0 0.003081393014105646
208 4.0 3.529742442461304E-4
209 150.0 3.529742442461304E-4
210 444.0 0.014203673087966441
211 11.0 3.529742442461304E-4
212 15.0 3.529742442461304E-4
213 151.0 0.004371718486513422
214 122.0 3.529742442461304E-4
215 111.0 3.958757627426611E-4
216 2.0 3.529742442461304E-4
217 17.0 3.529742442461304E-4
218 19.0 3.9051307293059477E-4
219 337.0 0.0012366126666154527
220 51.0 3.529742442461304E-4
221 237.0 0.0011341902509022575
222 3.0 3.529742442461304E-4
223 167.0 0.0023750538503050003
224 91.0 3.529742442461304E-4
225 373.0 0.003251381179116801
226 184.0 5.031295589839881E-4
227 87.0 0.006953372090381831
228 109.0 3.529742442461304E-4
229 12.0 3.529742442461304E-4
230 36.0 3.529742442461304E-4
231 116.0 0.0015859421039192312
232 131.0 3.529742442461304E-4
233 65.0 3.529742442461304E-4
234 58.0 3.529742442461304E-4
235 35.0 3.529742442461304E-4
236 16.0 3.529742442461304E-4
237 66.0 3.529742442461304E-4
238 41.0 5.031295589839885E-4
239 174.0 4.5307778740470196E-4
240 39.0 3.529742442461304E-4
241 20.0 3.529742442461304E-4
242 324.0 0.0016358157996046322
243 4.0 3.529742442461304E-4
244 10.0 3.529742442461304E-4
245 119.0 6.146978066956662E-4
246 25.0 0.0036989431826654783
247 80.0 3.529742442461304E-4
248 4.0 3.529742442461304E-4
249 116.0 8.239764298216863E-4
250 13.0 3.529742442461304E-4
251 112.0 0.0022412491462190077
252 283.0 3.529742442461304E-4
253 59.0 3.529742442461304E-4
254 8.0 3.529742442461304E-4
255 218.0 3.529742442461304E-4
256 60.0 3.529742442461304E-4
257 77.0 3.529742442461304E-4
258 84.0 0.0020944121326344507
259 115.0 3.529742442461304E-4
260 72.0 6.532848737218503E-4
261 268.0 0.0010651637509092472
262 19.0 3.529742442461304E-4
263 777.0 3.529742442461304E-4
264 72.0 3.529742442461304E-4
265 24.0 0.0010816044085652666
266 180.0 3.529742442461304E-4
267 15.0 3.529742442461304E-4
268 23.0 0.005817166073331824
269 222.0 0.001855437947533621
270 189.0 6.484012236378831E-4
271 152.0 0.0010300513992368985
272 476.0 3.529742442461304E-4
273 86.0 0.002592582618732844
274 10.0 3.529742442461304E-4
275 12.0 3.529742442461304E-4
276 355.0 0.0065167151070190275
277 288.0 0.005573903426783468
278 10.0 3.529742442461304E-4
279 228.0 0.002559899084306091
280 623.0 3.529742442461304E-4
281 293.0 0.004997899742684404
282 49.0 0.004332544447977946
283 151.0 0.0018975809305610456
284 44.0 3.529742442461304E-4
285 9.0 3.529742442461304E-4
286 69.0 3.529742442461304E-4
287 148.0 6.030772369426401E-4
288 302.0 0.00123189916211101
289 27.0 3.529742442461304E-4
290 241.0 0.001013270524547256
291 32.0 3.529742442461304E-4
292 77.0 5.031295589839884E-4
293 326.0 0.0020557650018482314
294 93.0 8.107668522804938E-4
295 35.0 3.529742442461304E-4
296 79.0 4.28051901615059E-4
297 6.0 3.529742442461304E-4
298 55.0 0.0010949095610389289
299 158.0 0.0012154384205050864
300 30.0 0.0036989431826654783
301 89.0 3.529742442461304E-4
302 163.0 5.031295589839885E-4
303 61.0 3.529742442461304E-4
304 244.0 0.0019895717779157005
305 286.0 3.529742442461304E-4
306 134.0 0.0034911645795912332
307 8.0 3.529742442461304E-4
308 64.0 3.529742442461304E-4
309 37.0 3.529742442461304E-4
310 50.0 0.00332412496621087
311 141.0 0.002670251672993531
312 82.0 3.529742442461304E-4
313 119.0 4.339952442537034E-4
314 107.0 3.529742442461304E-4
315 91.0 0.0018377382293909656
316 103.0 3.529742442461304E-4
317 67.0 5.153491918923536E-4
318 113.0 0.001834052729905061
319 77.0 7.062248710540493E-4
320 743.0 0.007298070908055656
321 272.0 0.0025149137863709706
322 12.0 3.529742442461304E-4
323 7.0 3.529742442461304E-4
324 59.0 3.529742442461304E-4
325 121.0 8.499511790937183E-4
326 41.0 3.529742442461304E-4
327 37.0 3.529742442461304E-4
328 297.0 3.529742442461304E-4
329 320.0 3.529742442461304E-4
330 261.0 4.28051901615059E-4
331 314.0 5.031295589839885E-4
332 301.0 7.810749113251656E-4
333 314.0 3.529742442461304E-4
334 339.0 0.0010357564879985932
335 262.0 3.529742442461304E-4
336 282.0 3.529742442461304E-4
337 249.0 3.529742442461304E-4
338 269.0 0.00456688938982948
339 193.0 5.031295589839885E-4
340 270.0 0.0023872056500489542
341 61.0 3.529742442461304E-4
342 277.0 3.529742442461304E-4
343 48.0 5.031295589839882E-4
344 255.0 3.529742442461304E-4
345 307.0 3.529742442461304E-4
346 57.0 6.021778052385935E-4
347 3.0 3.529742442461304E-4
348 4.0 3.529742442461304E-4
349 375.0 3.529742442461304E-4
350 216.0 3.529742442461304E-4
351 107.0 3.529742442461304E-4
352 185.0 9.609221670183504E-4
353 5.0 3.529742442461304E-4
354 50.0 3.529742442461304E-4
355 21.0 3.529742442461304E-4
356 240.0 3.529742442461304E-4
357 176.0 0.002173990930596093
358 145.0 3.529742442461304E-4
359 41.0 4.172249088924497E-4
360 41.0 3.529742442461304E-4
361 132.0 0.0045649615811929065
362 35.0 3.529742442461304E-4
363 48.0 0.0012150382350398158
364 31.0 0.001334620970662485
365 161.0 3.529742442461304E-4
366 182.0 3.529742442461304E-4
367 13.0 3.529742442461304E-4
368 61.0 3.529742442461304E-4
369 126.0 7.443362857911974E-4
370 157.0 0.0035858066546039006
371 19.0 3.529742442461304E-4
372 50.0 6.532848737218504E-4
373 18.0 3.529742442461304E-4
374 27.0 3.529742442461304E-4
375 238.0 0.0012122653335903115
376 3.0 3.529742442461304E-4
377 19.0 4.280519016150589E-4
378 4.0 3.529742442461304E-4
379 113.0 3.529742442461304E-4
380 156.0 3.529742442461304E-4
381 50.0 3.529742442461304E-4
382 105.0 8.107668522804938E-4
383 93.0 3.529742442461304E-4
384 4.0 3.529742442461304E-4
385 162.0 3.529742442461304E-4
386 8.0 0.0024356249914071655
387 13.0 3.529742442461304E-4
388 21.0 3.529742442461304E-4
389 19.0 3.529742442461304E-4
390 266.0 3.529742442461304E-4
391 266.0 3.529742442461304E-4
392 66.0 3.529742442461304E-4
393 12.0 3.529742442461304E-4
394 12.0 3.529742442461304E-4
395 368.0 3.529742442461304E-4
396 36.0 3.529742442461304E-4
397 7.0 3.529742442461304E-4
398 12.0 3.529742442461304E-4
399 47.0 3.529742442461304E-4
400 19.0 3.529742442461304E-4
401 14.0 3.529742442461304E-4
402 39.0 3.529742442461304E-4
403 14.0 3.529742442461304E-4
404 233.0 0.0020504162830433407
405 52.0 3.529742442461304E-4
406 47.0 3.529742442461304E-4
407 145.0 8.450774908319677E-4
408 243.0 3.529742442461304E-4
409 7.0 3.529742442461304E-4
410 135.0 9.088649489284698E-4
411 370.0 0.0019379915194237228
412 32.0 3.529742442461304E-4
413 6.0 3.529742442461304E-4
414 37.0 3.529742442461304E-4
415 155.0 3.529742442461304E-4
416 156.0 3.529742442461304E-4
417 219.0 4.8147557353876984E-4
418 426.0 6.532848737218467E-4
419 45.0 3.529742442461304E-4
420 124.0 3.529742442461304E-4
421 423.0 0.0031468019830362863
422 167.0 3.529742442461304E-4
423 33.0 3.529742442461304E-4
424 5.0 3.529742442461304E-4
425 4.0 3.529742442461304E-4
426 120.0 0.0013883487956047535
427 172.0 3.529742442461304E-4
428 114.0 3.529742442461304E-4
429 20.0 3.529742442461304E-4
430 2.0 3.529742442461304E-4
431 3.0 3.529742442461304E-4
432 71.0 3.529742442461304E-4
433 26.0 3.529742442461304E-4
434 9.0 3.529742442461304E-4
435 33.0 3.529742442461304E-4
436 2.0 3.529742442461304E-4
437 96.0 6.309195965873001E-4
438 96.0 3.529742442461304E-4
439 6.0 3.529742442461304E-4
440 7.0 3.529742442461304E-4
441 113.0 3.529742442461304E-4
442 47.0 3.529742442461304E-4
443 19.0 3.529742442461304E-4
444 31.0 3.529742442461304E-4
445 30.0 3.529742442461304E-4
446 29.0 3.529742442461304E-4
447 344.0 4.030260158254162E-4
448 10.0 0.0022365998626809195
449 86.0 3.529742442461304E-4
450 135.0 3.529742442461304E-4
451 10.0 3.529742442461304E-4
452 435.0 0.003225113640162496
453 222.0 0.001399537383380074
454 373.0 0.0028452781288942778
455 4.0 3.529742442461304E-4
456 113.0 5.996565094831287E-4
457 68.0 3.529742442461304E-4
458 198.0 0.006880113420291862
459 15.0 3.529742442461304E-4
460 45.0 8.467718453127209E-4
461 15.0 3.529742442461304E-4
462 17.0 3.529742442461304E-4
463 181.0 3.529742442461304E-4
464 40.0 3.529742442461304E-4
465 27.0 3.529742442461304E-4
466 24.0 3.529742442461304E-4
467 27.0 3.529742442461304E-4
468 20.0 3.529742442461304E-4
469 13.0 3.529742442461304E-4
470 37.0 4.030260158254162E-4
471 41.0 3.529742442461304E-4
472 104.0 0.0027976476162571966
473 12.0 3.529742442461304E-4
474 12.0 3.529742442461304E-4
475 360.0 3.529742442461304E-4
476 6.0 3.529742442461304E-4
477 95.0 6.532848737218468E-4
478 120.0 0.0015381866734557183
479 6.0 3.529742442461304E-4
480 16.0 7.924367031785693E-4
481 291.0 0.0035645812114522236
482 186.0 4.530777874047017E-4
483 25.0 6.411748708767083E-4
484 95.0 6.5328487372185E-4
485 20.0 3.529742442461304E-4
486 89.0 7.810749113251626E-4
487 82.0 3.529742442461304E-4
488 20.0 3.529742442461304E-4
489 54.0 3.529742442461304E-4
490 51.0 0.00517607619331888
491 191.0 5.531813305632756E-4
492 75.0 0.0027379704378748437
493 46.0 3.529742442461304E-4
494 196.0 7.384782321240592E-4
495 14.0 0.0022365998626809195
496 15.0 0.00223659986268092
497 71.0 4.530777874047019E-4
498 32.0 4.28051901615059E-4
499 53.0 3.529742442461304E-4
500 87.0 0.0012104473741728623
501 21.0 3.529742442461304E-4
502 57.0 3.529742442461304E-4
503 32.0 3.529742442461304E-4
504 205.0 3.529742442461304E-4
505 9.0 3.529742442461304E-4
506 28.0 3.529742442461304E-4
507 9.0 3.529742442461304E-4
508 94.0 7.017205019679169E-4
509 37.0 8.558685725417629E-4
510 56.0 6.146978066956671E-4
511 68.0 3.529742442461304E-4
512 37.0 6.53284873721847E-4
513 114.0 0.0029493440678308915
514 22.0 3.529742442461304E-4
515 329.0 0.0057415731034413066
516 32.0 3.529742442461304E-4
517 51.0 4.130363701412733E-4
518 16.0 0.0023897496497645213
519 140.0 8.563801857919061E-4
520 110.0 7.810749113251645E-4
521 23.0 0.004143818996543103
522 19.0 6.532848737218506E-4
523 95.0 0.001945967253926608
524 93.0 3.529742442461304E-4
525 25.0 3.529742442461304E-4
526 73.0 0.009337983343799644
527 7.0 3.529742442461304E-4
528 36.0 0.0014496375529455816
529 79.0 9.671403369765838E-4
530 259.0 0.006093546602623952
531 13.0 3.529742442461304E-4
532 696.0 3.529742442461304E-4
533 239.0 0.004304902024108333
534 14.0 3.529742442461304E-4
535 54.0 3.529742442461304E-4
536 397.0 0.006071878042533207
537 32.0 3.529742442461304E-4
538 2.0 3.529742442461304E-4
539 5.0 3.529742442461304E-4
540 4.0 3.529742442461304E-4
541 22.0 3.529742442461304E-4
542 23.0 3.529742442461304E-4
543 1772.0 3.529742442461304E-4
544 92.0 3.529742442461304E-4
545 103.0 3.529742442461304E-4
546 18.0 3.529742442461304E-4
547 16.0 3.529742442461304E-4
548 501.0 3.529742442461304E-4
549 37.0 3.529742442461304E-4
550 24.0 3.529742442461304E-4
551 13.0 3.529742442461304E-4
552 17.0 3.529742442461304E-4
553 8.0 3.529742442461304E-4
554 30.0 3.529742442461304E-4
555 76.0 3.529742442461304E-4
556 9.0 3.529742442461304E-4
557 3.0 3.529742442461304E-4
558 65.0 3.529742442461304E-4
559 368.0 0.0022391250628322553
560 52.0 3.529742442461304E-4
561 172.0 0.003437324927415829
562 2.0 3.529742442461304E-4
563 114.0 0.0010356635187787747
564 80.0 0.004529799978813655
565 7.0 3.529742442461304E-4
566 24.0 3.529742442461304E-4
567 659.0 0.004638757514992114
568 281.0 3.529742442461304E-4
569 295.0 3.529742442461304E-4
570 298.0 3.529742442461304E-4
571 312.0 3.529742442461304E-4
572 277.0 3.529742442461304E-4
573 377.0 0.006069702895808684
574 409.0 0.0011189512449686573
575 111.0 3.529742442461304E-4
576 13.0 3.529742442461304E-4
577 97.0 3.529742442461304E-4
578 147.0 6.532848737218506E-4
579 20.0 3.529742442461304E-4
580 33.0 3.529742442461304E-4
581 123.0 0.0018875736526193082
582 31.0 3.529742442461304E-4
583 42.0 3.529742442461304E-4
584 132.0 0.0012150239679498286
585 33.0 4.894551739340233E-4
586 35.0 3.529742442461304E-4
587 139.0 3.529742442461304E-4
588 268.0 4.5307778740470196E-4
589 13.0 3.529742442461304E-4
590 78.0 6.532848737218454E-4
591 5.0 3.529742442461304E-4
592 15.0 3.529742442461304E-4
593 11.0 3.529742442461304E-4
594 268.0 3.529742442461304E-4
595 236.0 6.532848737218452E-4
596 20.0 3.529742442461304E-4
597 430.0 0.0046592668143667516
598 70.0 3.529742442461304E-4
599 10.0 3.529742442461304E-4
600 121.0 0.001494310483123723
601 8.0 3.529742442461304E-4
602 51.0 0.0010880381661290384
603 241.0 8.803040857125793E-4
604 95.0 0.0014505694653136477
605 337.0 0.0018559787474892128
606 81.0 3.529742442461304E-4
607 28.0 3.529742442461304E-4
608 19.0 3.529742442461304E-4
609 139.0 4.5307778740470196E-4
610 83.0 0.0013350857042531538
611 115.0 3.529742442461304E-4
612 58.0 3.529742442461304E-4
613 29.0 3.529742442461304E-4
614 43.0 3.529742442461304E-4
615 57.0 0.004357502338006158
616 227.0 3.529742442461304E-4
617 10.0 3.529742442461304E-4
618 59.0 3.529742442461304E-4
619 300.0 8.77897318943083E-4
620 6.0 3.529742442461304E-4
621 82.0 3.529742442461304E-4
622 68.0 3.529742442461304E-4
623 47.0 0.005646887517070512
624 131.0 0.0011436333391047371
625 58.0 0.0011824637282034586
626 104.0 0.002776157496411931
627 18.0 3.529742442461304E-4
628 36.0 9.824574790301987E-4
629 89.0 4.530777874047018E-4
630 46.0 3.529742442461304E-4
631 6.0 3.529742442461304E-4
632 242.0 9.671403369765838E-4
633 19.0 3.529742442461304E-4
634 11.0 3.529742442461304E-4
635 262.0 0.006655380408716625
636 61.0 3.529742442461304E-4
637 106.0 3.529742442461304E-4
638 135.0 4.760713697935971E-4
639 88.0 3.529742442461304E-4
640 28.0 3.529742442461304E-4
641 68.0 3.529742442461304E-4
642 43.0 3.529742442461304E-4
643 14.0 0.0025084811385633907
644 3.0 9.895922987403904E-4
645 7.0 3.529742442461304E-4
646 358.0 0.0018394164631778441
647 23.0 3.529742442461304E-4
648 34.0 3.529742442461304E-4
649 39.0 4.030260158254161E-4
650 6.0 3.529742442461304E-4
651 37.0 3.529742442461304E-4
652 69.0 6.146978066956673E-4
653 254.0 5.722943568718504E-4
654 190.0 0.0013537459813035971
655 217.0 0.023378673784533715
656 88.0 0.016176836677280877
657 156.0 0.004169258509546703
658 472.0 0.012442000393745531
659 13.0 3.529742442461304E-4
660 33.0 3.529742442461304E-4
661 368.0 0.010057584307707422
662 148.0 3.529742442461304E-4
663 78.0 0.002057186670900463
664 211.0 3.529742442461304E-4
665 13.0 0.0012104473741728623
666 332.0 3.529742442461304E-4
667 86.0 0.005875742096581496
668 32.0 3.529742442461304E-4
669 19.0 3.529742442461304E-4
670 166.0 0.0047053383957799694
671 267.0 0.005795566434849029
672 30.0 3.529742442461304E-4
673 96.0 0.0024719138604205448
674 9.0 3.529742442461304E-4
675 286.0 3.529742442461304E-4
676 322.0 4.28051901615059E-4
677 394.0 5.031295589839882E-4
678 56.0 0.004141067252363707
679 49.0 0.0012562877858518567
680 240.0 3.529742442461304E-4
681 182.0 7.458920760437186E-4
682 70.0 0.0019363159603126043
683 103.0 0.0018736207072520869
684 5.0 5.031295589839881E-4
685 325.0 0.0017589256211995195
686 69.0 3.529742442461304E-4
687 41.0 3.529742442461304E-4
688 133.0 0.0028837854521046183
689 97.0 0.002336684460902261
690 314.0 3.529742442461304E-4
691 70.0 0.0056072070821381855
692 95.0 0.0018954890814962889
693 131.0 5.631916848791327E-4
694 54.0 0.004671534054143905
695 164.0 0.0010304594004504372
696 114.0 0.004042361566478698
697 218.0 0.0021237858292217707
698 227.0 0.0055236433586271835
699 27.0 3.529742442461304E-4
700 297.0 3.529742442461304E-4
701 111.0 0.0053090354170229285
702 67.0 6.146978066956675E-4
703 128.0 3.529742442461304E-4
704 148.0 0.004968393057009089
705 42.0 3.529742442461304E-4
706 28.0 3.529742442461304E-4
707 21.0 3.529742442461304E-4
708 59.0 3.529742442461304E-4
709 28.0 9.78763805009592E-4
710 131.0 0.0021685076276788374
711 25.0 3.529742442461304E-4
712 22.0 3.529742442461304E-4
713 215.0 9.535955031975621E-4
714 45.0 6.697193254595864E-4
715 141.0 8.159943749745474E-4
716 65.0 5.153491918923536E-4
717 34.0 3.529742442461304E-4
718 17.0 0.008467712175374955
719 333.0 0.005890155205587586
720 298.0 3.529742442461304E-4
721 46.0 0.006083258305737986
722 48.0 0.004709301294636907
723 336.0 6.532848737218505E-4
724 2.0 3.529742442461304E-4
725 34.0 0.0027431125590259204
726 283.0 3.529742442461304E-4
727 273.0 3.529742442461304E-4
728 275.0 3.529742442461304E-4
729 22.0 3.529742442461304E-4
730 139.0 3.529742442461304E-4
731 394.0 9.195674895957109E-4
732 56.0 8.949573308069363E-4
733 241.0 3.529742442461304E-4
734 16.0 0.001030459400450431
735 117.0 0.00453204126356608
736 96.0 8.063828631006381E-4
737 125.0 3.529742442461304E-4
738 269.0 3.529742442461304E-4
739 22.0 3.529742442461304E-4
740 43.0 3.529742442461304E-4
741 143.0 3.529742442461304E-4
742 88.0 3.529742442461304E-4
743 75.0 3.529742442461304E-4
744 24.0 3.529742442461304E-4
745 25.0 3.9051307293059477E-4
746 13.0 3.529742442461304E-4
747 90.0 3.529742442461304E-4
748 104.0 3.529742442461304E-4
749 24.0 3.529742442461304E-4
750 31.0 3.529742442461304E-4
751 57.0 0.002196416193363769
752 355.0 0.011693675477368127
753 158.0 0.0026094493467065656
754 207.0 9.906494232969105E-4
755 59.0 3.529742442461304E-4
756 220.0 8.626287590783776E-4
757 8.0 3.529742442461304E-4
758 296.0 0.013502747763580292
759 247.0 0.002695263149813782
760 9.0 3.529742442461304E-4
761 329.0 0.007708066179599135
762 348.0 6.532848737218466E-4
763 17.0 3.529742442461304E-4
764 4.0 3.529742442461304E-4
765 28.0 6.532848737218471E-4
766 41.0 0.0010821431660708262
767 40.0 0.0029321813054215625
768 263.0 0.0024869153818833124
769 20.0 3.529742442461304E-4
770 607.0 0.02373062739288627
771 67.0 3.529742442461304E-4
772 27.0 3.529742442461304E-4
773 30.0 5.9796760251727E-4
774 171.0 3.529742442461304E-4
775 29.0 3.529742442461304E-4
776 83.0 3.529742442461304E-4
777 318.0 0.002858093161127257
778 116.0 0.001399537383380074
779 31.0 0.0027431125590259204
780 12.0 3.529742442461304E-4
781 6.0 3.529742442461304E-4
782 135.0 0.0036989431826654783
783 35.0 3.529742442461304E-4
784 34.0 3.529742442461304E-4
785 17.0 3.529742442461304E-4
786 43.0 3.529742442461304E-4
787 31.0 3.529742442461304E-4
788 200.0 3.529742442461304E-4
789 51.0 3.529742442461304E-4
790 14.0 8.107668522804938E-4
791 60.0 3.529742442461304E-4
792 119.0 3.529742442461304E-4
793 109.0 0.0040521143011764136
794 21.0 3.529742442461304E-4
795 3.0 3.529742442461304E-4
796 26.0 8.88872417910096E-4
797 74.0 3.529742442461304E-4
798 146.0 0.002012175345299419
799 67.0 3.529742442461304E-4
800 11.0 3.529742442461304E-4
801 38.0 3.529742442461304E-4
802 13.0 3.529742442461304E-4
803 26.0 3.529742442461304E-4
804 9.0 3.529742442461304E-4
805 9.0 3.529742442461304E-4
806 8.0 3.529742442461304E-4
807 28.0 3.529742442461304E-4
808 64.0 3.529742442461304E-4
809 2.0 3.529742442461304E-4
810 34.0 3.529742442461304E-4
811 6.0 3.529742442461304E-4
812 101.0 8.88872417910096E-4
813 33.0 3.529742442461304E-4
814 13.0 0.0013987987331092965
815 10.0 3.529742442461304E-4
816 94.0 3.529742442461304E-4
817 272.0 0.001667215516535394
818 227.0 3.529742442461304E-4
819 47.0 6.532848737218506E-4
820 106.0 6.214604168333865E-4
821 14.0 5.153491918923529E-4
822 24.0 3.529742442461304E-4
823 13.0 3.529742442461304E-4
824 12.0 5.722943568718493E-4
825 287.0 0.001865957462688601
826 17.0 3.529742442461304E-4
827 43.0 3.529742442461304E-4
828 17.0 3.529742442461304E-4
829 37.0 3.529742442461304E-4
830 101.0 0.002066766740589855
831 53.0 3.529742442461304E-4
832 43.0 0.0019675261460111114
833 285.0 0.0030596439889430155
834 240.0 0.0010177366270239492
835 44.0 3.529742442461304E-4
836 43.0 3.529742442461304E-4
837 4.0 3.529742442461304E-4
838 190.0 9.661496897124045E-4
839 2.0 3.529742442461304E-4
840 173.0 0.0014301763999199574
841 44.0 3.529742442461304E-4
842 40.0 8.681435863374631E-4
843 30.0 3.529742442461304E-4
844 21.0 4.130363701412732E-4
845 195.0 3.529742442461304E-4
846 26.0 3.529742442461304E-4
847 31.0 3.529742442461304E-4
848 246.0 3.529742442461304E-4
849 61.0 3.529742442461304E-4
850 29.0 3.529742442461304E-4
851 59.0 3.529742442461304E-4
852 21.0 3.529742442461304E-4
853 30.0 3.529742442461304E-4
854 16.0 3.529742442461304E-4
855 23.0 6.532848737218454E-4
856 62.0 3.529742442461304E-4
857 90.0 0.0015391103204292784
858 174.0 9.464037776129379E-4
859 3.0 3.529742442461304E-4
860 150.0 7.533884168804247E-4
861 3.0 3.529742442461304E-4
862 134.0 6.532848737218491E-4
863 21.0 7.924367031785754E-4
864 63.0 3.529742442461304E-4
865 31.0 3.529742442461304E-4
866 93.0 0.0016928373109160804
867 22.0 3.529742442461304E-4
868 3.0 3.529742442461304E-4
869 158.0 3.529742442461304E-4
870 170.0 5.996565094831287E-4
